103329	0.012916125
209078	0.02613475
102962	0.01287025
103340	0.0129175
68886	0.00861075
297814	0.03722675
115638	0.01445475
104016	0.013002
101252	0.0126565
108903	0.013612875
99182	0.01239775
102692	0.0128365
102496	0.012812
280562	0.03507025
114478	0.01430975
102980	0.0128725
103314	0.01291425
104017	0.013002125
104025	0.013003125
104020	0.0130025
191947	0.023993375
116241	0.014530125
103825	0.012978125
101251	0.012656375
108903	0.013612875
99170	0.01239625
101266	0.01265825
67850	0.00848125
101939	0.012742375
280198	0.03502475
114495	0.014311875
102976	0.012872
103670	0.01295875
103689	0.012961125
103661	0.012957625
104021	0.013002625
104018	0.01300225
115861	0.014482625
104367	0.013045875
100908	0.0126135
109244	0.0136555
99563	0.012445375
101937	0.012742125
101934	0.01274175
279676	0.0349595
114489	0.014311125
102988	0.0128735
103330	0.01291625
103333	0.012916625
68913	0.008614125
104022	0.01300275
104024	0.013003
104023	0.013002875
281971	0.035246375
202875	0.025359375
104381	0.013047625
106123	0.013265375
119080	0.014885
99954	0.01249425
101591	0.012698875
102979	0.012872375
286785	0.035848125
114145	0.014268125
102304	0.012788
103319	0.012914875
103341	0.012917625
103669	0.012958625
104026	0.01300325
104264	0.013033
281961	0.035245125
116562	0.01457025
104740	0.0130925
69610	0.00870125
195862	0.02448275
115856	0.014482
100246	0.01253075
101931	0.012741375
102285	0.012785625
287136	0.035892
114486	0.01431075
102980	0.0128725
103325	0.012915625
104359	0.013044875
104017	0.013002125
104038	0.01300475
105054	0.01313175
123633	0.015454125
105402	0.01317525
104029	0.013003625
121756	0.0152195
200443	0.025055375
101593	0.012699125
101651	0.012706375
114488	0.014311
68561	0.008570125
102967	0.012870875
103314	0.01291425
103335	0.012916875
103671	0.012958875
104037	0.013004625
104371	0.013046375
283698	0.03546225
116571	0.014571375
105057	0.013132125
101937	0.012742125
110283	0.013785375
100203	0.012525375
102462	0.01280775
198271	0.024783875
294457	0.036807125
114476	0.0143095
102989	0.012873625
103320	0.012915
103340	0.0129175
103684	0.0129605
104025	0.013003125
104039	0.013004875
69252	0.0086565
282350	0.03529375
116903	0.014612875
105424	0.013178
102287	0.012785875
109589	0.013698625
100204	0.0125255
102977	0.012872125
102869	0.012858625
119263	0.014907875
102986	0.01287325
103332	0.0129165
103340	0.0129175
103667	0.012958375
104370	0.01304625
104213	0.013026625
281603	0.035200375
116915	0.014614375
105414	0.01317675
101944	0.012743
109939	0.013742375
100319	0.012539875
102976	0.012872
68899	0.008612375
102650	0.01283125
280916	0.0351145
115172	0.0143965
199253	0.024906625
103337	0.012917125
103682	0.01296025
104017	0.013002125
104036	0.0130045
104370	0.01304625
298505	0.037313125
117262	0.01465775
105059	0.013132375
102630	0.01282875
110279	0.013784875
100546	0.01256825
102956	0.0128695
103314	0.01291425
115721	0.014465125
104050	0.01300625
191746	0.02396825
68908	0.0086135
103679	0.012959875
104016	0.013002
104040	0.013005
104372	0.0130465
296741	0.037092625
117265	0.014658125
105057	0.013132125
101935	0.012741875
110290	0.01378625
100788	0.0125985
103329	0.012916125
103316	0.0129145
270126	0.03376575
115522	0.01444025
104216	0.013027
104359	0.013044875
104890	0.01311125
208982	0.02612275
104718	0.01308975
104388	0.0130485
284726	0.03559075
117618	0.01470225
105413	0.013176625
69949	0.008743625
102294	0.01278675
109937	0.013742125
100547	0.012568375
103334	0.01291675
103330	0.01291625
270860	0.0338575
115871	0.014483875
104026	0.01300325
104361	0.013045125
104380	0.0130475
104713	0.013089125
200962	0.02512025
104519	0.013064875
294495	0.036811875
116918	0.01461475
105426	0.01317825
101945	0.012743125
109929	0.013741125
100534	0.01256675
102979	0.012872375
103328	0.012916
270823	0.033852875
81083	0.010135375
104012	0.0130015
104371	0.013046375
104367	0.013045875
104721	0.013090125
105057	0.013132125
105068	0.0131335
210157	0.026269625
285125	0.035640625
117259	0.014657375
105761	0.013220125
102336	0.012792
110288	0.013786
101044	0.0126305
102974	0.01287175
103314	0.01291425
270702	0.03383775
115857	0.014482125
104769	0.013096125
104371	0.013046375
104713	0.013089125
105085	0.013135625
105085	0.013135625
105704	0.013213
70276	0.0087845
117615	0.014701875
105762	0.01322025
102287	0.012785875
100203	0.012525375
102693	0.012836625
103040	0.01288
285480	0.035685
115521	0.014440125
104024	0.013003
104360	0.013045
104376	0.013047
104714	0.01308925
105056	0.013132
105072	0.013134
271888	0.033986
233114	0.02913925
105068	0.0131335
106811	0.013351375
114139	0.014267375
100196	0.0125245
68560	0.00857
102925	0.012865625
103503	0.012937875
276213	0.034526625
116205	0.014525625
104026	0.01300325
104719	0.013089875
104471	0.013058875
104708	0.0130885
105061	0.013132625
105065	0.013133125
272624	0.034078
117620	0.0147025
105769	0.013221125
198211	0.024776375
124191	0.015523875
100534	0.01256675
102982	0.01287275
102988	0.0128735
277284	0.0346605
115526	0.01444075
103710	0.01296375
104375	0.013046875
69472	0.008684
104722	0.01309025
105053	0.013131625
105068	0.0131335
105066	0.01313325
272234	0.03402925
117624	0.014703
105774	0.01322175
102977	0.012872125
214614	0.02682675
100904	0.012613
103140	0.0128925
103313	0.012914125
286435	0.035804375
115527	0.014440875
104025	0.013003125
104358	0.01304475
104374	0.01304675
104732	0.0130915
105767	0.013220875
105421	0.013177625
272923	0.034115375
117640	0.014705
106106	0.01326325
70625	0.008828125
102986	0.01287325
110637	0.013829625
100910	0.01261375
199245	0.024905625
103324	0.0129155
296925	0.037115625
115540	0.0144425
104027	0.013003375
104363	0.013045375
104383	0.013047875
104707	0.013088375
105166	0.01314575
105423	0.013177875
273002	0.03412525
117636	0.0147045
106108	0.0132635
102982	0.01287275
110625	0.013828125
101587	0.012698375
103364	0.0129205
103688	0.012961
81095	0.010136875
103684	0.0129605
104027	0.013003375
104370	0.01304625
104382	0.01304775
104674	0.01308425
105067	0.013133375
105062	0.01313275
272904	0.034113
117977	0.014747125
106797	0.013349625
102638	0.01282975
110287	0.013785875
101576	0.012697
103686	0.01296075
103694	0.01296175
122955	0.015369375
104374	0.01304675
104013	0.013001625
104372	0.0130465
104397	0.013049625
104721	0.013090125
105064	0.013133
69932	0.0087415
287735	0.035966875
118081	0.014760125
106462	0.01330775
102990	0.01287375
110637	0.013829625
101252	0.0126565
103689	0.012961125
103697	0.012962125
271583	0.033947875
235057	0.029382125
104371	0.013046375
104370	0.01304625
104713	0.013089125
105070	0.01313375
105065	0.013133125
105421	0.013177625
280727	0.035090875
117616	0.014702
106464	0.013308
102723	0.012840375
110837	0.013854625
67165	0.008395625
101949	0.012743625
104027	0.013003375
104367	0.013045875
271805	0.033975625
116430	0.01455375
201818	0.02522725
104375	0.013046875
105065	0.013133125
105225	0.013153125
105070	0.01313375
105493	0.013186625
298676	0.0373345
117635	0.014704375
106476	0.0133095
103331	0.012916375
110987	0.013873375
101581	0.012697625
103885	0.012985625
104033	0.013004125
272110	0.03401375
116569	0.014571125
105070	0.01313375
105407	0.013175875
70285	0.008785625
209015	0.026126875
105065	0.013133125
105268	0.0131585
105760	0.01322
286817	0.035852125
117963	0.014745375
106331	0.013291375
103329	0.012916125
110981	0.013872625
101595	0.012699375
104729	0.013091125
104364	0.0130455
272368	0.034046
116560	0.01457
105074	0.01313425
106113	0.013264125
105422	0.01317775
105769	0.013221125
201343	0.025167875
106128	0.013266
297008	0.037126
117959	0.014744875
70648	0.008831
106475	0.013309375
102996	0.0128745
110637	0.013829625
101588	0.0126985
104369	0.013046125
105061	0.013132625
272231	0.034028875
116560	0.01457
105407	0.013175875
105406	0.01317575
105756	0.0132195
106111	0.013263875
106102	0.01326275
210816	0.026352
287865	0.035983125
118658	0.01483225
106803	0.013350375
102976	0.012872
111676	0.0139595
101582	0.01269775
104048	0.013006
104373	0.013046625
271835	0.033979375
81794	0.01022425
105060	0.0131325
106104	0.013263
105414	0.01317675
106458	0.01330725
106117	0.013264625
106080	0.01326
106467	0.013308375
118640	0.01483
106804	0.0133505
103341	0.012917625
111173	0.013896625
101582	0.01269775
104029	0.013003625
104291	0.013036375
272218	0.03402725
116909	0.014613625
105406	0.01317575
105429	0.013178625
105756	0.0132195
106813	0.013351625
106110	0.01326375
70652	0.0088315
106821	0.013352625
274624	0.034328
227577	0.028447125
106805	0.013350625
102994	0.01287425
122476	0.0153095
102629	0.012828625
104026	0.01300325
104717	0.013089625
273361	0.034170125
116913	0.014614125
105424	0.013178
106442	0.01330525
106111	0.013263875
106121	0.013265125
107300	0.0134125
106810	0.01335125
275213	0.034401625
119021	0.014877625
107503	0.013437875
215626	0.02695325
115857	0.014482125
67495	0.008436875
101940	0.0127425
104359	0.013044875
104719	0.013089875
279726	0.03496575
116916	0.0146145
105413	0.013176625
105768	0.013221
106113	0.013264125
106113	0.013264125
106471	0.013308875
106821	0.013352625
275694	0.03446175
119022	0.01487775
107504	0.013438
104028	0.0130035
208777	0.026097125
101947	0.012743375
104382	0.01304775
104711	0.013088875
298688	0.037336
116924	0.0146155
105421	0.013177625
105422	0.01317775
70296	0.008787
106087	0.013260875
106814	0.01335175
106667	0.013333375
107147	0.013393375
275358	0.03441975
119010	0.01487625
107843	0.013480375
104032	0.013004
112016	0.014002
102284	0.0127855
209323	0.026165375
104715	0.013089375
286847	0.035855875
116925	0.014615625
105778	0.01322225
105428	0.0131785
105756	0.0132195
106117	0.013264625
106453	0.013306625
107177	0.013397125
275704	0.034463
82846	0.01035575
107841	0.013480125
107844	0.0134805
104021	0.013002625
111672	0.013959
102638	0.01282975
105072	0.013134
202172	0.0252715
297044	0.0371305
117939	0.014742375
105426	0.01317825
105432	0.013179
106031	0.013253875
106478	0.01330975
106459	0.013307375
106823	0.013352875
275698	0.03446225
119689	0.014961125
107848	0.013481
104369	0.013046125
112111	0.014013875
102629	0.012828625
105100	0.0131375
105416	0.013177
89568	0.011196
105412	0.0131765
105432	0.013179
106114	0.01326425
106116	0.0132645
106117	0.013264625
106471	0.013308875
106814	0.01335175
285433	0.035679125
119471	0.014933875
107849	0.013481125
104025	0.013003125
112026	0.01400325
103666	0.01295825
105086	0.01313575
105414	0.01317675
274063	0.034257875
230019	0.028752375
105756	0.0132195
106114	0.01326425
106458	0.01330725
106447	0.013305875
70646	0.00883075
106806	0.01335075
107159	0.013394875
291402	0.03642525
120004	0.0150005
108541	0.013567625
104719	0.013089875
112371	0.014046375
102980	0.0128725
105421	0.013177625
105821	0.013227625
275012	0.0343765
118311	0.014788875
106453	0.013306625
203757	0.025469625
106457	0.013307125
106470	0.01330875
106807	0.013350875
107160	0.013395
125761	0.015720125
107161	0.013395125
104030	0.01300375
116559	0.014569875
67861	0.008482625
102637	0.012829625
105063	0.013132875
105410	0.01317625
279405	0.034925625
117947	0.014743375
106812	0.0133515
106458	0.01330725
222533	0.027816625
106807	0.013350875
107158	0.01339475
107322	0.01341525
292218	0.03652725
119711	0.014963875
107861	0.013482625
104727	0.013090875
112034	0.01400425
103322	0.01291525
105763	0.013220375
105773	0.013221625
274701	0.034337625
117992	0.014749
106456	0.013307
71000	0.008875
107139	0.013392375
107157	0.013394625
204189	0.025523625
107157	0.013394625
107583	0.013447875
119703	0.014962875
107850	0.01348125
104032	0.013004
112036	0.0140045
102990	0.01287375
105427	0.013178375
106125	0.013265625
275036	0.0343795
118320	0.01479
106472	0.013309
106819	0.013352375
107166	0.01339575
107174	0.01339675
107512	0.013439
212547	0.026568375
290289	0.036286125
83522	0.01044025
108209	0.013526125
107865	0.013483125
104721	0.013090125
112371	0.014046375
102987	0.012873375
105412	0.0131765
105769	0.013221125
275036	0.0343795
118307	0.014788375
106476	0.0133095
107512	0.013439
107170	0.01339625
107176	0.013397
107514	0.01343925
108220	0.0135275
119718	0.01496475
108201	0.013525125
104377	0.013047125
112030	0.01400375
102995	0.012874375
105447	0.013180875
105770	0.01322125
70643	0.008830375
275389	0.034423625
118663	0.014832875
107154	0.01339425
107503	0.013437875
107506	0.01343825
107515	0.013439375
108196	0.0135245
108204	0.0135255
277442	0.03468025
230272	0.028784
108204	0.0135255
109594	0.01369925
116903	0.014612875
102998	0.01287475
106118	0.01326475
105772	0.0132215
275031	0.034378875
118319	0.014789875
107154	0.01339425
107506	0.01343825
107509	0.013438625
107860	0.0134825
72376	0.009047
108197	0.013524625
108205	0.013525625
278472	0.034809
120736	0.015092
205601	0.025700125
104379	0.013047375
126953	0.015869125
103336	0.012917
105771	0.013221375
105776	0.013222
280558	0.03506975
118322	0.01479025
106471	0.013308875
107160	0.013395
107513	0.013439125
107851	0.013481375
108202	0.01352525
108207	0.013525875
278122	0.03476525
120751	0.015093875
108903	0.013612875
105440	0.01318
90818	0.01135225
76540	0.0095675
78636	0.0098295
79016	0.009877
260457	0.032557125
91547	0.011443375
79683	0.009960375
80022	0.01000275
80045	0.010005625
80378	0.01004725
80731	0.010091375
80727	0.010090875
241287	0.030160875
93284	0.0116605
81773	0.010221625
79010	0.00987625
120009	0.015001125
96380	0.0120475
98812	0.0123515
99152	0.012394
262491	0.032811375
111365	0.013920625
230301	0.028787625
66123	0.008265375
99174	0.01239675
99508	0.0124385
99858	0.01248225
100552	0.012569
100201	0.012525125
282113	0.035264125
112417	0.014052125
102277	0.012784625
99151	0.012393875
106467	0.013308375
96384	0.012048
98815	0.012351875
99157	0.012394625
261778	0.03272225
111369	0.013921125
99856	0.012482
99862	0.01248275
99869	0.012483625
100213	0.012526625
100556	0.0125695
282405	0.035300625
112766	0.01409575
67164	0.0083955
101585	0.012698125
98809	0.012351125
107156	0.0133945
96735	0.012091875
99155	0.012394375
99509	0.012438625
262480	0.03281
111715	0.013964375
100201	0.012525125
100207	0.012525875
226695	0.028336875
100542	0.01256775
100887	0.012610875
100897	0.012612125
284870	0.03560875
113448	0.014181
101590	0.01269875
99156	0.0123945
106465	0.013308125
96732	0.0120915
99156	0.0123945
66462	0.00830775
99508	0.0124385
262080	0.03276
111717	0.013964625
100202	0.01252525
100209	0.012526125
100551	0.012568875
220544	0.027568
100891	0.012611375
100895	0.012611875
285475	0.035684375
114136	0.014267
101594	0.01269925
99165	0.012395625
106472	0.013309
96728	0.012091
99164	0.0123955
100201	0.012525125
263175	0.032896875
112062	0.01400775
100211	0.012526375
100551	0.012568875
100589	0.012573625
100912	0.012614
67172	0.0083965
224797	0.028099625
100901	0.012612625
283508	0.0354385
113793	0.014224125
101601	0.012700125
99508	0.0124385
106469	0.013308625
96728	0.012091
98815	0.012351875
100194	0.01252425
263186	0.03289825
112059	0.014007375
100563	0.012570375
100911	0.012613875
100895	0.012611875
100906	0.01261325
101248	0.012656
101593	0.012699125
113807	0.014225875
101599	0.012699875
98832	0.012354
76212	0.0095265
107158	0.01339475
96734	0.01209175
99159	0.012394875
99508	0.0124385
262862	0.03285775
112068	0.0140085
100217	0.012527125
100889	0.012611125
101241	0.012655125
100912	0.012614
101588	0.0126985
101598	0.01269975
264916	0.0331145
245430	0.03067875
102294	0.01278675
104033	0.013004125
114795	0.014349375
96732	0.0120915
99157	0.012394625
99506	0.01243825
118823	0.014852875
100559	0.012569875
66815	0.008351875
100209	0.012526125
100552	0.012569
100900	0.0126125
100905	0.012613125
101241	0.012655125
277131	0.034641375
114149	0.014268625
230297	0.028787125
99162	0.01239525
116192	0.014524
97075	0.012134375
99855	0.012481875
99519	0.012439875
273329	0.034166125
111712	0.013964
100213	0.012526625
100890	0.01261125
101243	0.012655375
101585	0.012698125
101932	0.0127415
101960	0.012745
265943	0.033242875
80062	0.01000775
102626	0.01282825
102632	0.012829
215402	0.02692525
118630	0.01482875
97077	0.012134625
99514	0.01243925
100212	0.0125265
272598	0.03407475
112407	0.014050875
100212	0.0125265
100551	0.012568875
101237	0.012654625
101583	0.012697875
101932	0.0127415
101940	0.0127425
266972	0.0333715
114489	0.014311125
102634	0.01282925
99515	0.012439375
107517	0.013439625
97771	0.012221375
225079	0.028134875
66810	0.00835125
99860	0.0124825
283146	0.03539325
112068	0.0140085
100551	0.012568875
101244	0.0126555
100907	0.012613375
101247	0.012655875
101937	0.012742125
101950	0.01274375
265607	0.033200875
114493	0.014311625
103336	0.012917
99867	0.012483375
107848	0.013481
97772	0.0122215
99863	0.012482875
226809	0.028351125
285177	0.035647125
112406	0.01405075
101246	0.01265575
101237	0.012654625
101247	0.012655875
101591	0.012698875
67512	0.008439
101933	0.012741625
101946	0.01274325
266325	0.033290625
114493	0.014311625
102978	0.01287225
99859	0.012482375
107853	0.013481625
97775	0.012221875
100201	0.012525125
100550	0.01256875
112409	0.014051125
100896	0.012612
101241	0.012655125
101250	0.01265625
101584	0.012698
102294	0.01278675
101947	0.012743375
265625	0.033203125
114511	0.014313875
102985	0.012873125
100556	0.0125695
76905	0.009613125
108542	0.01356775
97782	0.01222275
100202	0.01252525
101242	0.01265525
264252	0.0330315
243323	0.030415375
100896	0.012612
101243	0.012655375
101248	0.012656
101586	0.01269825
101934	0.01274175
101942	0.01274275
277936	0.034742
114488	0.014311
102979	0.012872375
99866	0.01248325
107859	0.013482375
98121	0.012265125
100555	0.012569375
100562	0.01257025
264595	0.033074375
113111	0.014138875
101259	0.012657375
194542	0.02431775
101247	0.012655875
102283	0.012785375
101936	0.012742
101943	0.012742875
102283	0.012785375
287637	0.035954625
114496	0.014312
102978	0.01287225
100213	0.012526625
107861	0.013482625
98118	0.01226475
100556	0.0125695
101247	0.012655875
265271	0.033158875
113109	0.014138625
101259	0.012657375
101595	0.012699375
222004	0.0277505
101938	0.01274225
101942	0.01274275
102302	0.01278775
68891	0.008611375
288285	0.036035625
114498	0.01431225
102978	0.01287225
99864	0.012483
107856	0.013482
98461	0.012307625
100896	0.012612
100903	0.012612875
265983	0.033247875
113804	0.0142255
101935	0.012741875
102280	0.012785
102283	0.012785375
102628	0.0128285
225312	0.028164
102299	0.012787375
285935	0.035741875
115195	0.014399375
102982	0.01287275
100211	0.012526375
107854	0.01348175
97783	0.012222875
100217	0.012527125
67509	0.008438625
101238	0.01265475
265944	0.033243
113113	0.014139125
101600	0.0127
102279	0.012784875
102287	0.012785875
102292	0.0127865
102972	0.0128715
228549	0.028568625
287975	0.035996875
114508	0.0143135
102982	0.01287275
99865	0.012483125
107864	0.013483
98816	0.012352
100557	0.012569625
100562	0.01257025
265630	0.03320375
113453	0.014181625
101941	0.012742625
102284	0.0127855
102988	0.0128735
68213	0.008526625
102629	0.012828625
103334	0.01291675
102985	0.012873125
114854	0.01435675
103673	0.012959125
100891	0.012611375
108200	0.013525
98457	0.012307125
101584	0.012698
101597	0.012699625
265623	0.033202875
113792	0.014224
102279	0.012784875
102289	0.012786125
102652	0.0128315
102980	0.0128725
102984	0.012873
103331	0.012916375
268055	0.033506875
239468	0.0299335
103350	0.01291875
68560	0.00857
100208	0.012526
117574	0.01469675
98462	0.01230775
100898	0.01261225
101237	0.012654625
276093	0.034511625
113796	0.0142245
102284	0.0127855
102291	0.012786375
102634	0.01282925
102979	0.012872375
102987	0.012873375
103685	0.012960625
268380	0.0335475
115541	0.014442625
104378	0.01304725
230174	0.02877175
115510	0.01443875
98460	0.0123075
101593	0.012699125
101236	0.0126545
275724	0.0344655
113450	0.01418125
67857	0.008482125
101936	0.012742
102640	0.01283
102635	0.012829375
103337	0.012917125
102985	0.012873125
103331	0.012916375
268384	0.033548
115544	0.014443
104021	0.013002625
100897	0.012612125
233481	0.029185125
98813	0.012351625
100903	0.012612875
101239	0.012654875
285607	0.035700875
113453	0.014181625
101933	0.012741625
102640	0.01283
102292	0.0127865
102651	0.012831375
102994	0.01287425
103351	0.012918875
68899	0.008612375
122986	0.01537325
103682	0.01296025
101261	0.012657625
118944	0.014868
226558	0.02831975
100895	0.012611875
100563	0.012570375
287504	0.035938
113456	0.014182
102280	0.012785
102287	0.012785875
102294	0.01278675
103323	0.012915375
103332	0.0129165
103681	0.012960125
268400	0.03355
116246	0.01453075
104375	0.013046875
100905	0.012613125
108906	0.01361325
99172	0.0123965
101599	0.012699875
67865	0.008483125
221183	0.027647875
288638	0.03607975
113797	0.014224625
102286	0.01278575
102295	0.012786875
102637	0.012829625
102988	0.0128735
102993	0.012874125
103673	0.012959125
269424	0.033678
116234	0.01452925
104717	0.013089625
102280	0.012785
109245	0.013655625
99510	0.01243875
101939	0.012742375
101946	0.01274325
113797	0.014224625
102288	0.012786
102314	0.01278925
68210	0.00852625
102637	0.012829625
102983	0.012872875
102991	0.012873875
103326	0.01291575
268753	0.033594125
115899	0.014487375
104382	0.01304775
100909	0.012613625
109245	0.013655625
99512	0.012439
101942	0.01274275
102279	0.012784875
268045	0.033505625
248531	0.031066375
102297	0.012787125
102638	0.01282975
102989	0.012873625
102994	0.01287425
103333	0.012916625
103688	0.012961
283112	0.035389
115903	0.014487875
104727	0.013090875
69595	0.008699375
101598	0.01269975
109246	0.01365575
99530	0.01244125
101942	0.01274275
102280	0.012785
268050	0.03350625
114495	0.014311875
222361	0.027795125
102302	0.01278775
103671	0.012958875
102993	0.012874125
103330	0.01291625
104039	0.013004875
290689	0.036336125
115899	0.014487375
104380	0.0130475
101251	0.012656375
109592	0.013699
99859	0.012482375
102288	0.012786
102632	0.012829
268075	0.033509375
80412	0.0100515
102643	0.012830375
103328	0.012916
103333	0.012916625
226027	0.028253375
104028	0.0130035
103671	0.012958875
103688	0.012961
288376	0.036047
116234	0.01452925
104716	0.0130895
101595	0.012699375
109244	0.0136555
99854	0.01248175
101948	0.0127435
102628	0.0128285
115193	0.014399125
103324	0.0129155
103331	0.012916375
103337	0.012917125
230652	0.0288315
104019	0.013002375
104027	0.013003375
68910	0.00861375
292849	0.036606125
115903	0.014487875
104382	0.01304775
101249	0.012656125
109247	0.013655875
99519	0.012439875
102291	0.012786375
102637	0.012829625
270523	0.033815375
114841	0.014355125
103332	0.0129165
103340	0.0129175
103678	0.01295975
104030	0.01300375
224107	0.028013375
104715	0.013089375
294212	0.0367765
116578	0.01457225
104724	0.0130905
101598	0.01269975
109614	0.01370175
99522	0.01244025
68208	0.008526
102641	0.012830125
102642	0.01283025
271233	0.033904125
115187	0.014398375
103336	0.012917
103679	0.012959875
104026	0.01300325
104032	0.013004
104040	0.013005
104720	0.01309
116573	0.014571625
104724	0.0130905
101250	0.01265625
109590	0.01369875
99856	0.012482
102287	0.012785875
102632	0.012829
271548	0.0339435
115190	0.01439875
103340	0.0129175
103697	0.012962125
69249	0.008656125
104028	0.0130035
104034	0.01300425
104041	0.013005125
104725	0.013090625
124351	0.015543875
105065	0.013133125
102283	0.012785375
112715	0.014089375
99859	0.012482375
102286	0.01278575
102633	0.012829125
270868	0.0338585
114844	0.0143555
103342	0.01291775
103681	0.012960125
104029	0.013003625
104037	0.013004625
104375	0.013046875
104723	0.013090375
273978	0.03424725
116938	0.01461725
229939	0.028742375
69938	0.00874225
101934	0.01274175
118985	0.014873125
99867	0.012483375
102640	0.01283
102641	0.012830125
281322	0.03516525
114839	0.014354875
104719	0.013089875
104018	0.01300225
104372	0.0130465
104381	0.013047625
105061	0.013132625
105066	0.01313325
273973	0.034246625
117278	0.01465975
105762	0.01322025
217483	0.027185375
121424	0.015178
100205	0.012525625
102637	0.012829625
102645	0.012830625
68561	0.008570125
281628	0.0352035
114839	0.014354875
103337	0.012917125
104028	0.0130035
104373	0.013046625
104713	0.013089125
105060	0.0131325
105068	0.0131335
273973	0.034246625
117614	0.01470175
105761	0.013220125
102282	0.01278525
110628	0.0138285
225784	0.028223
102992	0.012874
102646	0.01283075
291840	0.03648
115193	0.014399125
103341	0.012917625
103689	0.012961125
104030	0.01300375
104727	0.013090875
105066	0.01313325
105069	0.013133625
69943	0.008742875
274319	0.034289875
117615	0.014701875
105765	0.013220625
102634	0.01282925
110629	0.013828625
101598	0.01269975
230362	0.02879525
102650	0.01283125
293546	0.03669325
115192	0.014399
103339	0.012917375
103680	0.01296
104032	0.013004
104038	0.01300475
104377	0.013047125
105069	0.013133625
274320	0.03429
117619	0.014702375
105765	0.013220625
102282	0.01278525
110646	0.01383075
66810	0.00835125
100901	0.012612625
102992	0.012874
103676	0.0129595
121919	0.015239875
104021	0.013002625
103340	0.0129175
103681	0.012960125
104028	0.0130035
104033	0.013004125
104378	0.01304725
280947	0.035118375
117629	0.014703625
106114	0.01326425
103340	0.0129175
111323	0.013915375
100905	0.012613125
103335	0.012916875
103677	0.012959625
120277	0.015034625
104721	0.013090125
104376	0.013047
69589	0.008698625
104375	0.013046875
104713	0.013089125
105062	0.01313275
105760	0.01322
286482	0.03581025
118328	0.014791
106116	0.0132645
102637	0.012829625
109941	0.013742625
101258	0.01265725
103338	0.01291725
103685	0.012960625
272952	0.034119
115882	0.01448525
224956	0.0281195
104370	0.01304625
104376	0.013047
104722	0.01309025
105063	0.013132875
105072	0.013134
296267	0.037033375
117617	0.014702125
70294	0.00878675
106467	0.013308375
103340	0.0129175
100555	0.012569375
102985	0.012873125
103324	0.0129155
281924	0.0352405
115540	0.0144425
104025	0.013003125
232956	0.0291195
104033	0.013004125
104735	0.013091875
104377	0.013047125
104729	0.013091125
292550	0.03656875
116940	0.0146175
105424	0.013178
102281	0.012785125
110287	0.013785875
100904	0.012613
103333	0.012916625
103677	0.012959625
69245	0.008655625
272961	0.034120125
115879	0.014484875
104371	0.013046375
104378	0.01304725
232017	0.029002125
104378	0.01304725
105061	0.013132625
105067	0.013133375
295527	0.036940875
117276	0.0146595
105762	0.01322025
102628	0.0128285
110297	0.013787125
100557	0.012569625
103333	0.012916625
103678	0.01295975
272603	0.034075375
115879	0.014484875
104375	0.013046875
104387	0.013048375
105071	0.013133875
105085	0.013135625
225762	0.02822025
69942	0.00874275
105069	0.013133625
296249	0.037031125
117617	0.014702125
105764	0.0132205
102284	0.0127855
110294	0.01378675
100551	0.012568875
102999	0.012874875
103689	0.012961125
272976	0.034122
116233	0.014529125
104385	0.013048125
104389	0.013048625
105070	0.01313375
105080	0.013135
105083	0.013135375
228629	0.028578625
294273	0.036784125
117619	0.014702375
105768	0.013221
102629	0.012828625
105779	0.013222375
56730	0.00709125
81092	0.0101365
83851	0.010481375
83859	0.010482375
267206	0.03340075
96419	0.012052375
84916	0.0106145
84913	0.010614125
85269	0.010658625
85601	0.010700125
85607	0.010700875
85962	0.01074525
255588	0.0319485
98177	0.012272125
86643	0.010830375
82825	0.010353125
282851	0.035356375
98114	0.01226425
98466	0.01230825
288616	0.036077
110666	0.01383325
99179	0.012397375
99173	0.012396625
66130	0.00826625
99504	0.012438
100198	0.01252475
100548	0.0125685
100894	0.01261175
265978	0.03324725
113448	0.014181
101588	0.0126985
99152	0.012394
106469	0.013308625
96725	0.012090625
98814	0.01235175
204134	0.02551675
280017	0.035002125
111008	0.013876
99177	0.012397125
99847	0.012480875
99859	0.012482375
99869	0.012483625
100214	0.01252675
100894	0.01261175
266293	0.033286625
113441	0.014180125
67506	0.00843825
101598	0.01269975
98803	0.012350375
107156	0.0133945
96732	0.0120915
99157	0.012394625
99505	0.012438125
111345	0.013918125
99512	0.012439
100193	0.012524125
100201	0.012525125
100206	0.01252575
100887	0.012610875
100894	0.01261175
265961	0.033245125
113458	0.01418225
101935	0.012741875
99501	0.012437625
107156	0.0133945
96731	0.012091375
99156	0.0123945
99510	0.01243875
264585	0.033073125
178197	0.022274625
99504	0.012438
99846	0.01248075
100195	0.012524375
100202	0.01252525
100541	0.012567625
100891	0.012611375
100896	0.012612
284883	0.035610375
113456	0.014182
101936	0.012742
99159	0.012394875
107507	0.013438375
97072	0.012134
99507	0.012438375
99513	0.012439125
264939	0.033117375
111698	0.01396225
205651	0.025706375
100198	0.01252475
100206	0.01252575
100541	0.012567625
67152	0.008394
100893	0.012611625
100901	0.012612625
282854	0.03535675
113430	0.01417875
101611	0.012701375
99508	0.0124385
107164	0.0133955
97074	0.01213425
99509	0.012438625
99515	0.012439375
265259	0.033157375
112044	0.0140055
100213	0.012526625
100549	0.012568625
195090	0.02438625
100889	0.012611125
100892	0.0126115
100901	0.012612625
292403	0.036550375
113450	0.01418125
101599	0.012699875
98836	0.0123545
107163	0.013395375
64035	0.008004375
97078	0.01213475
99514	0.01243925
99525	0.012440625
265616	0.033202
112066	0.01400825
100551	0.012568875
100555	0.012569375
100906	0.01261325
203864	0.025483
100898	0.01261225
101241	0.012655125
280543	0.035067875
113441	0.014180125
101935	0.012741875
99506	0.01243825
107155	0.013394375
96735	0.012091875
99169	0.012396125
99525	0.012440625
265976	0.033247
112055	0.014006875
100907	0.012613375
67500	0.0084375
100901	0.012612625
101245	0.012655625
100914	0.01261425
195904	0.024488
100557	0.012569625
119488	0.014936
100892	0.0126115
98120	0.012265
113753	0.014219125
95694	0.01196175
98464	0.012308
98816	0.012352
266106	0.03326325
111662	0.01395775
100200	0.012525
100204	0.0125255
100549	0.012568625
100894	0.01261175
100900	0.0126125
101247	0.012655875
113413	0.014176625
67502	0.00843775
101591	0.012698875
99151	0.012393875
106469	0.013308625
96722	0.01209025
98815	0.012351875
99156	0.0123945
264178	0.03302225
111677	0.013959625
100204	0.0125255
100210	0.01252625
100551	0.012568875
100897	0.012612125
100903	0.012612875
101598	0.01269975
120507	0.015063375
101592	0.012699
98811	0.012351375
116890	0.01461125
96729	0.012091125
98842	0.01235525
99166	0.01239575
66464	0.008308
268495	0.033561875
111673	0.013959125
100210	0.01252625
100215	0.012526875
100899	0.012612375
100904	0.012613
101248	0.012656
101595	0.012699375
266261	0.033282625
113758	0.01421975
204450	0.02555625
103688	0.012961
111327	0.013915875
96726	0.01209075
99153	0.012394125
99502	0.01243775
271183	0.033897875
111674	0.01395925
100197	0.012524625
100549	0.012568625
100900	0.0126125
101603	0.012700375
67172	0.0083965
101251	0.012656375
101596	0.0126995
266300	0.0332875
113767	0.014220875
102290	0.01278625
194110	0.02426375
121746	0.01521825
96732	0.0120915
99156	0.0123945
99506	0.01243825
271396	0.0339245
111678	0.01395975
100204	0.0125255
100210	0.01252625
100902	0.01261275
100911	0.012613875
101249	0.012656125
101938	0.01274225
266966	0.03337075
113782	0.01422275
102630	0.01282875
99535	0.012441875
107172	0.0133965
64039	0.008004875
209406	0.02617575
99157	0.012394625
99507	0.012438375
280364	0.0350455
111665	0.013958125
100206	0.01252575
100213	0.012526625
100894	0.01261175
101242	0.01265525
101931	0.012741375
101601	0.012700125
266624	0.033328
113762	0.01422025
102633	0.012829125
99513	0.012439125
107513	0.013439125
97767	0.012220875
99858	0.01248225
194393	0.024299125
290328	0.036291
112030	0.01400375
100220	0.0125275
66823	0.008352875
100553	0.012569125
100899	0.012612375
100907	0.012613375
101250	0.01265625
101941	0.012742625
267318	0.03341475
114455	0.014306875
102982	0.01287275
99859	0.012482375
107512	0.013439
97426	0.01217825
100209	0.012526125
100195	0.012524375
112034	0.01400425
100218	0.01252725
100555	0.012569375
100903	0.012612875
100912	0.012614
101247	0.012655875
101599	0.012699875
267313	0.033414125
114456	0.014307
68200	0.008525
102638	0.01282975
99514	0.01243925
108198	0.01352475
97769	0.012221125
99862	0.01248275
100543	0.012567875
119450	0.01493125
100219	0.012527375
100554	0.01256925
101239	0.012654875
101247	0.012655875
101585	0.012698125
101600	0.0127
281805	0.035225625
114810	0.01435125
102641	0.012830125
100206	0.01252575
107850	0.01348125
97770	0.01222125
100217	0.012527125
67507	0.008438375
100542	0.01256775
266266	0.03328325
112722	0.01409025
204127	0.025515875
101237	0.012654625
100905	0.012613125
100915	0.012614375
101591	0.012698875
101938	0.01274225
283814	0.03547675
114471	0.014308875
102636	0.0128295
100543	0.012567875
108203	0.013525375
97781	0.012222625
100210	0.01252625
100554	0.01256925
266303	0.033287875
112729	0.014091125
101246	0.01265575
101257	0.012657125
196223	0.024527875
101598	0.01269975
67847	0.008480875
101932	0.0127415
101940	0.0127425
294102	0.03676275
114456	0.014307
102991	0.012873875
99860	0.0124825
107857	0.013482125
97777	0.012222125
100201	0.012525125
100553	0.012569125
266298	0.03328725
112726	0.01409075
101936	0.012742
101252	0.0126565
101591	0.012698875
205236	0.0256545
101935	0.012741875
101945	0.012743125
282214	0.03527675
114444	0.0143055
102639	0.012829875
99520	0.01244
77248	0.009656
107851	0.013481375
97779	0.012222375
100558	0.01256975
100562	0.01257025
266658	0.03333225
113074	0.01413425
101254	0.01265675
101595	0.012699375
101941	0.012742625
101953	0.012744125
197636	0.0247045
102283	0.012785375
292118	0.03651475
114465	0.014308125
102978	0.01287225
100209	0.012526125
107851	0.013481375
97774	0.01222175
100205	0.012525625
100555	0.012569375
266998	0.03337475
113084	0.0141355
101946	0.01274325
67518	0.00843975
101594	0.01269925
101945	0.012743125
101949	0.012743625
102293	0.012786625
102638	0.01282975
114464	0.014308
102978	0.01287225
100199	0.012524875
108204	0.0135255
97780	0.0122225
100203	0.012525375
100556	0.0125695
267326	0.03341575
113422	0.01417775
101938	0.01274225
102279	0.012784875
102287	0.012785875
102627	0.012828375
102976	0.012872
102999	0.012874875
270082	0.03376025
182409	0.022801125
102643	0.012830375
102979	0.012872375
105080	0.013135
120358	0.01504475
98117	0.012264625
100549	0.012568625
100555	0.012569375
119817	0.014977125
101245	0.012655625
101252	0.0126565
101950	0.01274375
101939	0.012742375
101946	0.01274325
102292	0.0127865
278383	0.034797875
115501	0.014437625
217308	0.0271635
100202	0.01252525
117600	0.0147
98121	0.012265125
100564	0.0125705
67169	0.008396125
100563	0.012570375
274310	0.03428875
113769	0.014221125
101933	0.012741625
102287	0.012785875
102291	0.012786375
102627	0.012828375
102978	0.01287225
102984	0.012873
269746	0.03371825
115501	0.014437625
103681	0.012960125
200378	0.02504725
117601	0.014700125
98123	0.012265375
100557	0.012569625
100563	0.012570375
274492	0.0343115
113085	0.014135625
101264	0.012658
101943	0.012742875
102980	0.0128725
102638	0.01282975
68544	0.008568
102981	0.012872625
102988	0.0128735
270105	0.033763125
115839	0.014479875
103681	0.012960125
100893	0.012611625
108894	0.01361175
202017	0.025252125
100896	0.012612
100903	0.012612875
282263	0.035282875
113420	0.0141775
101936	0.012742
102281	0.012785125
102288	0.012786
102632	0.012829
102988	0.0128735
103334	0.01291675
270434	0.03380425
115514	0.01443925
104023	0.013002875
101252	0.0126565
77595	0.009699375
108896	0.013612
98837	0.012354625
291333	0.036416625
113423	0.014177875
101933	0.012741625
102638	0.01282975
102291	0.012786375
102627	0.012828375
102988	0.0128735
103326	0.01291575
270435	0.033804375
115516	0.0144395
104375	0.013046875
100899	0.012612375
109250	0.01365625
99179	0.012397375
101595	0.012699375
212543	0.026567875
282272	0.035284
113433	0.014179125
102280	0.012785
68199	0.008524875
102977	0.012872125
102630	0.01282875
102629	0.012828625
102984	0.012873
103332	0.0129165
270478	0.03380975
115500	0.0144375
105415	0.013176875
101257	0.012657125
108901	0.013612625
99180	0.0123975
101596	0.0126995
101602	0.01270025
113424	0.014178
102282	0.01278525
102288	0.012786
102634	0.01282925
102977	0.012872125
102982	0.01287275
103344	0.012918
68891	0.008611375
270760	0.033845
115845	0.014480625
104373	0.013046625
100906	0.01261325
108911	0.013613875
99187	0.012398375
101601	0.012700125
101945	0.012743125
269076	0.0336345
221641	0.027705125
102289	0.012786125
102293	0.012786625
102637	0.012829625
102982	0.01287275
102990	0.01287375
103327	0.012915875
282021	0.035252625
116215	0.014526875
104720	0.01309
101260	0.0126575
108911	0.013613875
99516	0.0124395
102302	0.01278775
68202	0.00852525
102282	0.01278525
269751	0.033718875
114123	0.014265375
208027	0.026003375
102295	0.012786875
102992	0.012874
102983	0.012872875
102990	0.01287375
103327	0.012915875
286626	0.03582825
115844	0.0144805
104024	0.013003
100912	0.012614
109596	0.0136995
99532	0.0124415
101942	0.01274275
102280	0.012785
270429	0.033803625
114464	0.014308
102982	0.01287275
103326	0.01291575
198291	0.024786375
68559	0.008569875
102992	0.012874
103333	0.012916625
103678	0.01295975
296577	0.037072125
115851	0.014481375
104375	0.013046875
101253	0.012656625
109243	0.013655375
99534	0.01244175
101942	0.01274275
102280	0.012785
270439	0.033804875
114462	0.01430775
102979	0.012872375
103324	0.0129155
103333	0.012916625
207032	0.025879
103331	0.012916375
103681	0.012960125
284690	0.03558625
115887	0.014485875
104377	0.013047125
100912	0.012614
78281	0.009785125
109246	0.01365575
99526	0.01244075
101946	0.01274325
102628	0.0128285
270438	0.03380475
114451	0.014306375
103327	0.012915875
103333	0.012916625
103677	0.012959625
104021	0.013002625
104027	0.013003375
199238	0.02490475
295610	0.03695125
116190	0.01452375
104382	0.01304775
101597	0.012699625
109247	0.013655875
99513	0.012439125
101940	0.0127425
102280	0.012785
270468	0.0338085
114796	0.0143495
68898	0.00861225
103682	0.01296025
103330	0.01291625
103674	0.01295925
104379	0.013047375
104029	0.013003625
104367	0.013045875
116540	0.0145675
104721	0.013090125
101250	0.01265625
109597	0.013699625
99851	0.012481375
101945	0.012743125
102279	0.012784875
270452	0.0338065
115494	0.01443675
103332	0.0129165
103340	0.0129175
103677	0.012959625
104029	0.013003625
104039	0.013004875
104389	0.013048625
69593	0.008699125
123651	0.015456375
104721	0.013090125
104034	0.01300425
119652	0.0149565
99850	0.01248125
101944	0.012743
102280	0.012785
273049	0.034131125
114467	0.014308375
103334	0.01291675
103343	0.012917875
103683	0.012960375
104028	0.0130035
104034	0.01300425
104381	0.013047625
272536	0.034067
116566	0.01457075
208770	0.02609625
101250	0.01265625
119007	0.014875875
99864	0.012483
102290	0.01278625
68548	0.0085685
102979	0.012872375
275104	0.034388
115161	0.014395125
103330	0.01291625
103681	0.012960125
104387	0.013048375
104037	0.013004625
104377	0.013047125
105080	0.013135
123656	0.015457
104726	0.01309075
209829	0.026228625
118288	0.014786
99513	0.012439125
101942	0.01274275
101945	0.012743125
274784	0.034348
114803	0.014350375
103329	0.012916125
103337	0.012917125
68905	0.008613125
104034	0.01300425
104042	0.01300525
104384	0.013048
104729	0.013091125
273618	0.03420225
116907	0.014613375
105424	0.013178
101945	0.012743125
208628	0.0260785
101941	0.012742625
102281	0.012785125
286654	0.03583175
114465	0.014308125
102981	0.012872625
103326	0.01291575
103334	0.01291675
103685	0.012960625
104727	0.013090875
104720	0.01309
272553	0.034069125
116583	0.014572875
105081	0.013135125
69941	0.008742625
101945	0.012743125
109246	0.01365575
100907	0.012613375
195500	0.0244375
102280	0.012785
293770	0.03672125
114464	0.014308
102981	0.012872625
103327	0.012915875
103334	0.01291675
103672	0.012959
104380	0.0130475
104379	0.013047375
272550	0.03406875
116561	0.014570125
105068	0.0131335
101598	0.01269975
109602	0.01370025
100555	0.012569375
102641	0.012830125
102648	0.012831
80382	0.01004775
102980	0.0128725
103329	0.012916125
103335	0.012916875
103677	0.012959625
104025	0.013003125
104032	0.013004
104369	0.013046125
272906	0.03411325
117600	0.0147
105424	0.013178
101952	0.012744
110292	0.0137865
100207	0.012525875
102645	0.012830625
102649	0.012831125
121899	0.015237375
103324	0.0129155
103336	0.012917
103671	0.012958875
104024	0.013003
104042	0.01300525
104380	0.0130475
69588	0.0086985
286967	0.035870875
116905	0.014613125
105778	0.01322225
101607	0.012700875
110289	0.013786125
100547	0.012568375
102647	0.012830875
103322	0.01291525
271493	0.033936625
115490	0.01443625
206907	0.025863375
103338	0.01291725
103678	0.01295975
104030	0.01300375
104036	0.0130045
104385	0.013048125
286410	0.03580125
116566	0.01457075
105762	0.01322025
102642	0.01283025
109963	0.013745375
100553	0.012569125
69251	0.008656375
102982	0.01287275
103324	0.0129155
271852	0.0339815
115491	0.014436375
104021	0.013002625
199333	0.024916625
104023	0.013002875
104030	0.01300375
104038	0.01300475
104719	0.013089875
296233	0.037029125
116563	0.014570375
106108	0.0132635
101596	0.0126995
109944	0.013743
100895	0.012611875
102987	0.012873375
103323	0.012915375
272200	0.034025
115492	0.0144365
104018	0.01300225
104383	0.013047875
69946	0.00874325
207744	0.025968
104038	0.01300475
104382	0.01304775
104726	0.01309075
287139	0.035892375
116906	0.01461325
105426	0.01317825
101953	0.012744125
109604	0.0137005
100544	0.012568
102991	0.012873875
103671	0.012958875
115844	0.0144805
104365	0.013045625
104372	0.0130465
105075	0.013134375
105061	0.013132625
200632	0.025079
104725	0.013090625
299349	0.037418625
116910	0.01461375
105426	0.01317825
69950	0.00874375
101945	0.012743125
110290	0.01378625
100550	0.01256875
103326	0.01291575
103677	0.012959625
272566	0.03407075
115848	0.014481
104369	0.013046125
104382	0.01304775
104713	0.013089125
105067	0.013133375
105071	0.013133875
208723	0.026090375
287822	0.03597775
117584	0.014698
105763	0.013220375
102629	0.012828625
109945	0.013743125
100547	0.012568375
102987	0.012873375
103323	0.012915375
272902	0.03411275
81078	0.01013475
104023	0.013002875
104376	0.013047
104380	0.0130475
104725	0.013090625
105069	0.013133625
105076	0.0131345
105418	0.01317725
117583	0.014697875
105765	0.013220625
102284	0.0127855
110283	0.013785375
100896	0.012612
102991	0.012873875
103673	0.012959125
272556	0.0340695
116200	0.014525
104384	0.013048
104730	0.01309125
105077	0.013134625
105098	0.01313725
105092	0.0131365
105768	0.013221
70290	0.00878625
274973	0.034371625
226303	0.028287875
105769	0.013221125
107509	0.013438625
114806	0.01435075
100903	0.012612875
103325	0.012915625
103675	0.012959375
272532	0.0340665
116202	0.01452525
105071	0.013133875
105075	0.013134375
105070	0.01313375
105081	0.013135125
105417	0.013177125
105768	0.013221
275300	0.0344125
117932	0.0147415
106468	0.0133085
197511	0.024688875
125257	0.015657125
66811	0.008351375
100902	0.01261275
103329	0.012916125
103677	0.012959625
277658	0.03470725
115847	0.014480875
104376	0.013047
104724	0.0130905
105075	0.013134375
105084	0.0131355
105421	0.013177625
105772	0.0132215
276012	0.0345015
117950	0.01474375
106474	0.01330925
102991	0.012873875
214359	0.026794875
100904	0.012613
103336	0.012917
103680	0.01296
287477	0.035934625
115847	0.014480875
104378	0.01304725
104398	0.01304975
69606	0.00870075
104735	0.013091875
105085	0.013135625
105427	0.013178375
106109	0.013263625
275673	0.034459125
118297	0.014787125
106476	0.0133095
102983	0.012872875
110988	0.0138735
101590	0.01269875
199249	0.024906125
103689	0.012961125
122619	0.015327375
104026	0.01300325
104370	0.01304625
104378	0.01304725
104725	0.013090625
105079	0.013134875
105427	0.013178375
284842	0.03560525
118635	0.014829375
70985	0.008873125
106815	0.013351875
103332	0.0129165
110988	0.0138735
101597	0.012699625
104030	0.01300375
218353	0.027294125
287430	0.03592875
116198	0.01452475
104388	0.0130485
104723	0.013090375
105073	0.013134125
105079	0.013134875
106121	0.013265125
106109	0.013263625
276016	0.034502
118619	0.014827375
106818	0.01335225
102993	0.012874125
111673	0.013959125
101942	0.01274275
104037	0.013004625
104388	0.0130485
84218	0.01052725
104720	0.01309
104730	0.01309125
105061	0.013132625
105414	0.01317675
105421	0.013177625
105763	0.013220375
105775	0.013221875
275673	0.034459125
118987	0.014873375
106820	0.0133525
103679	0.012959875
111681	0.013960125
101943	0.012742875
104037	0.013004625
104716	0.0130895
274640	0.03433
227326	0.02841575
105068	0.0131335
105409	0.013176125
105415	0.013176875
105783	0.013222875
106108	0.0132635
70301	0.008787625
105776	0.013222
285188	0.0356485
118623	0.014827875
107156	0.0133945
103335	0.012916875
111332	0.0139165
101952	0.012744
105063	0.013132875
104728	0.013091
274994	0.03437425
116891	0.014611375
201123	0.025140375
105410	0.01317625
105416	0.013177
105755	0.013219375
106111	0.013263875
106113	0.013264125
302127	0.037765875
118633	0.014829125
106816	0.013352
103338	0.01291725
111339	0.013917375
67510	0.00843875
101953	0.012744125
104372	0.0130465
104724	0.0130905
275304	0.034413
117241	0.014655125
105420	0.0131775
105428	0.0131785
209332	0.0261665
106109	0.013263625
106109	0.013263625
106114	0.01326425
290565	0.036320625
118638	0.01482975
106818	0.01335225
102992	0.012874
111675	0.013959375
102292	0.0127865
104726	0.01309075
104734	0.01309175
275334	0.03441675
117246	0.01465575
105447	0.013180875
105773	0.013221625
70640	0.00883
106121	0.013265125
201769	0.025221125
106110	0.01326375
106119	0.013264875
300464	0.037558
118997	0.014874625
107156	0.0133945
103684	0.0129605
111326	0.01391575
101944	0.012743
104380	0.0130475
104734	0.01309175
275342	0.03441775
117246	0.01465575
105428	0.0131785
105765	0.013220625
106121	0.013265125
106126	0.01326575
106471	0.013308875
210472	0.026309
290602	0.03632525
118647	0.014830875
70990	0.00887375
107157	0.013394625
103337	0.012917125
111333	0.013916625
101952	0.012744
104722	0.01309025
105068	0.0131335
276365	0.034545625
117590	0.01469875
106108	0.0132635
106457	0.013307125
106457	0.013307125
106807	0.013350875
107153	0.013394125
107163	0.013395375
118652	0.0148315
107160	0.013395
104024	0.013003
111334	0.01391675
102290	0.01278625
104413	0.013051625
104736	0.013092
275005	0.034375625
82462	0.01030775
105763	0.013220375
106106	0.01326325
106457	0.013307125
106459	0.013307375
106806	0.01335075
107154	0.01339425
107160	0.013395
278096	0.034762
226891	0.028361375
107509	0.013438625
103338	0.01291725
123841	0.015480125
102292	0.0127865
104731	0.013091375
104737	0.013092125
276021	0.034502625
117249	0.014656125
106112	0.013264
106456	0.013307
106465	0.013308125
106823	0.013352875
71327	0.008915875
107157	0.013394625
107166	0.01339575
278440	0.034805
120036	0.0150045
213943	0.026742875
108560	0.01357
115849	0.014481125
102293	0.012786625
104729	0.013091125
104737	0.013092125
283030	0.03537875
117250	0.01465625
105432	0.013179
106111	0.013263875
106465	0.013308125
107155	0.013394375
107159	0.013394875
107168	0.013396
278462	0.03480775
119681	0.014960125
107861	0.013482625
104368	0.013046
207752	0.025969
67860	0.0084825
102635	0.012829375
105069	0.013133625
105074	0.01313425
117589	0.014698625
106107	0.013263375
106456	0.013307
106463	0.013307875
107158	0.01339475
107170	0.01339625
107504	0.013438
278788	0.0348485
119684	0.0149605
108201	0.013525125
104716	0.0130895
112026	0.01400325
102991	0.012873875
266703	0.033337875
105409	0.013176125
300543	0.037567875
117590	0.01469875
106111	0.013263875
70982	0.00887275
106457	0.013307125
106458	0.01330725
106807	0.013350875
107165	0.013395625
107504	0.013438
279468	0.0349335
119688	0.014961
108199	0.013524875
104369	0.013046125
112722	0.01409025
102994	0.01287425
105763	0.013220375
204547	0.025568375
117594	0.01469925
106455	0.013306875
106459	0.013307375
106464	0.013308
106809	0.013351125
107159	0.013394875
107165	0.013395625
279151	0.034893875
83513	0.010439125
107868	0.0134835
108552	0.013569
105073	0.013134125
98477	0.012309625
78636	0.0098295
79009	0.009876125
97613	0.012201625
79339	0.009917375
79337	0.009917125
79361	0.009920125
80027	0.010003375
80033	0.010004125
80056	0.010007
99636	0.0124545
80726	0.01009075
78306	0.00978825
120705	0.015088125
95320	0.011915
97785	0.012223125
97778	0.01222225
65431	0.008178875
268906	0.03361325
110642	0.01383025
99158	0.01239475
99164	0.0123955
99504	0.012438
228898	0.02861225
99843	0.012480375
99850	0.01248125
282762	0.03534525
112379	0.014047375
100545	0.012568125
98112	0.012264
105761	0.013220125
95676	0.0119595
98116	0.0122645
98469	0.012308625
262475	0.032809375
110638	0.01382975
99162	0.01239525
99171	0.012396375
99507	0.012438375
100556	0.0125695
67159	0.008394875
225485	0.028185625
99858	0.01248225
285165	0.035645625
112379	0.014047375
100553	0.012569125
97772	0.0122215
106114	0.01326425
95684	0.0119605
98113	0.012264125
98469	0.012308625
262831	0.032853875
111337	0.013917125
99173	0.012396625
99511	0.012438875
99858	0.01248225
99866	0.01248325
100206	0.01252575
100555	0.012569375
112388	0.0140485
100896	0.012612
98484	0.0123105
106466	0.01330825
63331	0.007916375
95693	0.011961625
98115	0.012264375
98467	0.012308375
262804	0.0328505
110995	0.013874375
99512	0.012439
99512	0.012439
100196	0.0125245
99871	0.012483875
100548	0.0125685
100894	0.01261175
265249	0.033156125
241491	0.030186375
100893	0.012611625
98119	0.012264875
118288	0.014786
95690	0.01196125
98464	0.012308
98472	0.012309
262478	0.03280975
111326	0.01391575
99859	0.012482375
66805	0.008350625
100194	0.01252425
100201	0.012525125
100540	0.0125675
100889	0.012611125
100895	0.012611875
265249	0.033156125
113415	0.014176875
226130	0.02826625
103327	0.012915875
112733	0.014091625
96035	0.012004375
98825	0.012353125
98475	0.012309375
272908	0.0341135
110984	0.013873
99168	0.012396
99846	0.01248075
100200	0.012525
100550	0.01256875
100890	0.01261125
100922	0.01261525
264918	0.03311475
113412	0.0141765
67502	0.00843775
101591	0.012698875
213327	0.026665875
115852	0.0144815
97064	0.012133
98809	0.012351125
98815	0.012351875
273262	0.03415775
110992	0.013874
99176	0.012397
99511	0.012438875
100201	0.012525125
100543	0.012567875
100894	0.01261175
100901	0.012612625
265596	0.0331995
113415	0.014176875
101595	0.012699375
98825	0.012353125
106804	0.0133505
96725	0.012090625
221151	0.027643875
66116	0.0082645
98818	0.01235225
286191	0.035773875
110993	0.013874125
99175	0.012396875
99511	0.012438875
99864	0.012483
100206	0.01252575
100897	0.012612125
100902	0.01261275
266302	0.03328775
113417	0.014177125
101955	0.012744375
99153	0.012394125
106810	0.01335125
96731	0.012091375
99157	0.012394625
217769	0.027221125
286516	0.0358145
111333	0.013916625
99853	0.012481625
100198	0.01252475
100229	0.012528625
100554	0.01256925
67152	0.008394
100894	0.01261175
101245	0.012655625
266994	0.03337425
113428	0.0141785
101939	0.012742375
99507	0.012438375
106812	0.0133515
96739	0.012092375
99506	0.01243825
99510	0.01243875
111334	0.01391675
99850	0.01248125
100197	0.012524625
100204	0.0125255
100541	0.012567625
100889	0.012611125
100899	0.012612375
265948	0.0332435
113435	0.014179375
101936	0.012742
99170	0.01239625
76553	0.009569125
106818	0.01335225
97076	0.0121345
99511	0.012438875
99515	0.012439375
264920	0.033115
245051	0.030631375
100199	0.012524875
100204	0.0125255
100547	0.012568375
100893	0.012611625
100898	0.01261225
101240	0.012655
280885	0.035110625
113418	0.01417725
102290	0.01278625
99508	0.0124385
106818	0.01335225
97078	0.01213475
99512	0.012439
99521	0.012440125
265256	0.033157
112041	0.014005125
100221	0.012527625
185492	0.0231865
100203	0.012525375
100546	0.01256825
100894	0.01261175
101944	0.012743
100904	0.012613
288574	0.03607175
113425	0.014178125
101935	0.012741875
99164	0.0123955
107159	0.013394875
97419	0.012177375
100205	0.012525625
99860	0.0124825
265942	0.03324275
112374	0.01404675
100894	0.01261175
100889	0.012611125
223050	0.02788125
100901	0.012612625
100909	0.012613625
101273	0.012659125
286261	0.035782625
79345	0.009918125
101601	0.012700125
101943	0.012742875
99504	0.012438
106810	0.01335125
97081	0.012135125
99853	0.012481625
99523	0.012440375
266284	0.0332855
112037	0.014004625
100555	0.012569375
100554	0.01256925
100905	0.012613125
101249	0.012656125
226029	0.028253625
101243	0.012655375
288272	0.036034
113434	0.01417925
101937	0.012742125
99155	0.012394375
107167	0.013395875
97077	0.012134625
99520	0.01244
66815	0.008351875
100200	0.012525
266301	0.033287625
112380	0.0140475
100890	0.01261125
101239	0.012654875
101247	0.012655875
101584	0.012698
101931	0.012741375
220210	0.02752625
288934	0.03611675
113778	0.01422225
102630	0.01282875
99509	0.012438625
106822	0.01335275
97084	0.0121355
99851	0.012481375
99524	0.0124405
119208	0.014901
100218	0.01252725
100554	0.01256925
100906	0.01261325
100914	0.01261425
67175	0.008396875
101252	0.0126565
101597	0.012699625
113765	0.014220625
102293	0.012786625
99162	0.01239525
107160	0.013395
97417	0.012177125
99852	0.0124815
99859	0.012482375
265586	0.03319825
112723	0.014090375
101240	0.012655
101245	0.012655625
101590	0.01269875
101586	0.01269825
101941	0.012742625
102287	0.012785875
268010	0.03350125
244707	0.030588375
102634	0.01282925
104390	0.01304875
86628	0.0108285
107160	0.013395
98127	0.012265875
99853	0.012481625
100195	0.012524375
265584	0.033198
112375	0.014046875
101241	0.012655125
101245	0.012655625
101589	0.012698625
101939	0.012742375
101941	0.012742625
102284	0.0127855
268009	0.033501125
114465	0.014308125
226522	0.02831525
99507	0.012438375
117226	0.01465325
97769	0.012221125
99864	0.012483
100195	0.012524375
276053	0.034506625
112386	0.01404825
100895	0.012611875
67502	0.00843775
101255	0.012656875
101596	0.0126995
101943	0.012742875
101950	0.01274375
102634	0.01282925
268712	0.033589
114469	0.014308625
102982	0.01287275
100210	0.01252625
234327	0.029290875
97768	0.012221
100197	0.012524625
100543	0.012567875
276035	0.034504375
112380	0.0140475
100899	0.012612375
101242	0.01265525
101252	0.0126565
101945	0.012743125
101953	0.012744125
102312	0.012789
68204	0.0085255
268717	0.033589625
114471	0.014308875
102987	0.012873375
99865	0.012483125
107860	0.0134825
222713	0.027839125
100198	0.01252475
100547	0.012568375
285578	0.03569725
112384	0.014048
101242	0.01265525
101250	0.01265625
101592	0.012699
102629	0.012828625
102289	0.012786125
102639	0.012829875
268729	0.033591125
114820	0.0143525
103336	0.012917
100221	0.012527625
107862	0.01348275
98474	0.01230925
100559	0.012569875
67168	0.008396
226445	0.028305625
287921	0.035990125
112727	0.014090875
101244	0.0126555
101250	0.01265625
101593	0.012699125
101937	0.012742125
101944	0.012743
102645	0.012830625
268718	0.03358975
114819	0.014352375
103336	0.012917
99869	0.012483625
108552	0.013569
98464	0.012308
100896	0.012612
100902	0.01261275
113085	0.014135625
101255	0.012656875
101595	0.012699375
101947	0.012743375
67865	0.008483125
101950	0.01274375
102292	0.0127865
102638	0.01282975
269438	0.03367975
115852	0.0144815
103678	0.01295975
100895	0.012611875
108205	0.013525625
98466	0.01230825
100898	0.01261225
101237	0.012654625
268388	0.0335485
242281	0.030285125
101256	0.012657
101595	0.012699375
101941	0.012742625
101951	0.012743875
102289	0.012786125
102639	0.012829875
281400	0.035175
114840	0.014355
103689	0.012961125
100554	0.01256925
77243	0.009655375
108891	0.013611375
98465	0.012308125
100900	0.0126125
101242	0.01265525
268366	0.03354575
113422	0.01417775
227921	0.028490125
101596	0.0126995
101946	0.01274325
101954	0.01274425
102297	0.012787125
102642	0.01283025
290367	0.036295875
114823	0.014352875
104030	0.01300375
100893	0.012611625
108208	0.013526
98812	0.0123515
100904	0.012613
101586	0.01269825
268731	0.033591375
113762	0.01422025
67865	0.008483125
101933	0.012741625
102640	0.01283
220834	0.02760425
101954	0.01274425
102300	0.0127875
102644	0.0128305
291364	0.0364205
115497	0.014437125
104364	0.0130455
100898	0.01261225
108552	0.013569
98838	0.01235475
101244	0.0126555
101596	0.0126995
269442	0.03368025
113765	0.014220625
102290	0.01278625
102295	0.012786875
102635	0.012829375
102987	0.012873375
225320	0.028165
102995	0.012874375
68551	0.008568875
289055	0.036131875
115495	0.014436875
103678	0.01295975
100895	0.012611875
108206	0.01352575
98469	0.012308625
101242	0.01265525
101593	0.012699125
268742	0.03359275
113762	0.01422025
102290	0.01278625
102294	0.01278675
102989	0.012873625
103338	0.01291725
102989	0.012873625
228902	0.02861275
291435	0.036429375
115501	0.014437625
103680	0.01296
100551	0.012568875
108213	0.013526625
98815	0.012351875
100910	0.01261375
67514	0.00843925
101253	0.012656625
268741	0.033592625
113766	0.01422075
102293	0.012786625
102301	0.012787625
104018	0.01300225
102988	0.0128735
103331	0.012916375
103331	0.012916375
115508	0.0144385
103685	0.012960625
101242	0.01265525
108544	0.013568
98819	0.012352375
101249	0.012656125
101590	0.01269875
268738	0.03359225
114122	0.01426525
102303	0.012787875
102638	0.01282975
68554	0.00856925
102987	0.012873375
102995	0.012874375
103337	0.012917125
103685	0.012960625
271135	0.033891875
244959	0.030619875
104024	0.013003
100889	0.012611125
121408	0.015176
98837	0.012354625
101244	0.0126555
101596	0.0126995
268744	0.033593
113764	0.0142205
102302	0.01278775
102640	0.01283
103328	0.012916
103337	0.012917125
103671	0.012958875
104022	0.01300275
123329	0.015416125
234192	0.029274
68899	0.008612375
105423	0.013177875
112724	0.0140905
98826	0.01235325
100900	0.0126125
101242	0.01265525
278476	0.0348095
113764	0.0142205
102292	0.0127865
102976	0.012872
103326	0.01291575
102999	0.012874875
104015	0.013001875
103688	0.012961
271115	0.033889375
115873	0.014484125
104382	0.01304775
101246	0.01265575
228097	0.028512125
99169	0.012396125
102283	0.012785375
101605	0.012700625
286134	0.03576675
80031	0.010003875
102290	0.01278625
102298	0.01278725
102636	0.0128295
103332	0.0129165
103670	0.01295875
104018	0.01300225
104024	0.013003
271852	0.0339815
116539	0.014567375
104719	0.013089875
101593	0.012699125
109248	0.013656
218554	0.02731925
101597	0.012699625
101602	0.01270025
291040	0.03638
114122	0.01426525
102307	0.012788375
102639	0.012829875
102992	0.012874
103001	0.012875125
103676	0.0129595
104038	0.01300475
69251	0.008656375
272205	0.034025625
116542	0.01456775
104722	0.01309025
101251	0.012656375
109936	0.013742
99859	0.012482375
102284	0.0127855
224268	0.0280335
289374	0.03617175
114459	0.014307375
102641	0.012830125
103323	0.012915375
103326	0.01291575
103335	0.012916875
103670	0.01295875
104027	0.013003375
272559	0.034069875
116548	0.0145685
104727	0.013090875
101945	0.012743125
109271	0.013658875
99861	0.012482625
68212	0.0085265
102283	0.012785375
102630	0.01282875
114460	0.0143075
102977	0.012872125
103322	0.01291525
103327	0.012915875
103335	0.012916875
104016	0.013002
104023	0.013002875
271841	0.033980125
116549	0.014568625
104729	0.013091125
101592	0.012699
109591	0.013698875
99862	0.01248275
102983	0.012872875
102985	0.012873125
270806	0.03385075
246097	0.030762125
102985	0.012873125
103336	0.012917
68898	0.00861225
103335	0.012916875
103673	0.012959125
104020	0.0130025
104031	0.013003875
284159	0.035519875
116555	0.014569375
105065	0.013133125
101946	0.01274325
109591	0.013698875
99868	0.0124835
102286	0.01278575
102637	0.012829625
270806	0.03385075
114806	0.01435075
230008	0.028751
103329	0.012916125
103335	0.012916875
103681	0.012960125
104022	0.01300275
104035	0.013004375
293473	0.036684125
116560	0.01457
104726	0.01309075
69604	0.0087005
101602	0.01270025
109947	0.013743375
100205	0.012525625
102642	0.01283025
102643	0.012830375
271210	0.03390125
115160	0.014395
103342	0.01291775
103345	0.012918125
222877	0.027859625
104021	0.013002625
104029	0.013003625
104373	0.013046625
294834	0.03685425
116557	0.014569625
105068	0.0131335
101947	0.012743375
109591	0.013698875
100543	0.012567875
102646	0.01283075
102650	0.01283125
271537	0.033942125
80730	0.01009125
103677	0.012959625
103348	0.0129185
103687	0.012960875
104032	0.013004
226119	0.028264875
104034	0.01300425
104370	0.01304625
292464	0.036558
116552	0.014569
105064	0.013133
101601	0.012700125
99852	0.0124815
102292	0.0127865
102639	0.012829875
290199	0.036274875
114808	0.014351
103336	0.012917
104028	0.0130035
103679	0.012959875
104034	0.01300425
104051	0.013006375
234813	0.029351625
69251	0.008656375
292499	0.036562375
116541	0.014567625
104722	0.01309025
101591	0.012698875
108903	0.013612875
99851	0.012481375
101944	0.012743
102291	0.012786375
114805	0.014350625
103333	0.012916625
103342	0.01291775
103678	0.01295975
104032	0.013004
104038	0.01300475
230017	0.028752125
294530	0.03681625
116546	0.01456825
104723	0.013090375
101240	0.012655
109604	0.0137005
66114	0.00826425
99858	0.01248225
102284	0.0127855
102632	0.012829
271533	0.033941625
115162	0.01439525
103342	0.01291775
103683	0.012960375
104028	0.0130035
104038	0.01300475
104376	0.013047
104726	0.01309075
116555	0.014569375
105066	0.01313325
102632	0.012829
109244	0.0136555
99866	0.01248325
102296	0.012787
102639	0.012829875
271202	0.03390025
115850	0.01448125
103696	0.012962
104034	0.01300425
69586	0.00869825
104035	0.013004375
104043	0.013005375
104388	0.0130485
104729	0.013091125
273301	0.034162625
246442	0.03080525
105066	0.01313325
101595	0.012699375
121758	0.01521975
99867	0.012483375
102637	0.012829625
102641	0.012830125
271872	0.033984
114807	0.014350875
103682	0.01296025
104366	0.01304575
104376	0.013047
104721	0.013090125
105062	0.01313275
105065	0.013133125
273951	0.034243875
117262	0.01465775
70288	0.008786
231752	0.028969
106816	0.013352
116539	0.014567375
100204	0.0125255
102639	0.012829875
102647	0.012830875
281590	0.03519875
115155	0.014394375
103334	0.01291675
103684	0.0129605
104368	0.013046
104382	0.01304775
104712	0.013089
105067	0.013133375
273275	0.034159375
117248	0.014656
105760	0.01322
101944	0.012743
109946	0.01374325
224627	0.028078375
102643	0.012830375
102986	0.01287325
88179	0.011022375
102979	0.012872375
103330	0.01291625
103333	0.012916625
103684	0.0129605
104037	0.013004625
104377	0.013047125
104726	0.01309075
286481	0.035810125
117587	0.014698375
105770	0.01322125
102303	0.012787875
110284	0.0137855
100898	0.01261225
230187	0.028773375
102651	0.012831375
293387	0.036673375
115164	0.0143955
103348	0.0129185
104047	0.013005875
104370	0.01304625
104066	0.01300825
104726	0.01309075
69944	0.008743
105074	0.01313425
274300	0.0342875
117945	0.014743125
105767	0.013220875
102288	0.012786
110285	0.013785625
100904	0.012613
103327	0.012915875
222289	0.027786125
294824	0.036853
115505	0.014438125
104022	0.01300275
104726	0.01309075
104375	0.013046875
104722	0.01309025
105063	0.013132875
105071	0.013133875
274969	0.034371125
117600	0.0147
106811	0.013351375
102982	0.01287275
110304	0.013788
66812	0.0083515
100903	0.012612875
103329	0.012916125
103678	0.01295975
115505	0.014438125
104023	0.013002875
104367	0.013045875
104375	0.013046875
104712	0.013089
105063	0.013132875
105069	0.013133625
274617	0.034327125
117596	0.0146995
106115	0.013264375
102635	0.012829375
110641	0.013830125
100914	0.01261425
103683	0.012960375
103686	0.01296075
273604	0.0342005
242181	0.030272625
104037	0.013004625
104377	0.013047125
69596	0.0086995
104383	0.013047875
105065	0.013133125
105066	0.01313325
105075	0.013134375
296263	0.037032875
117596	0.0146995
106468	0.0133085
102985	0.012873125
110291	0.013786375
100912	0.012614
104368	0.013046
103690	0.01296125
273273	0.034159125
116202	0.01452525
104387	0.013048375
223585	0.027948125
104380	0.0130475
105063	0.013132875
105068	0.0131335
105414	0.01317675
296920	0.037115
82123	0.010265375
105766	0.01322075
106116	0.0132645
102643	0.012830375
110983	0.013872875
101589	0.012698625
104025	0.013003125
104030	0.01300375
273613	0.034201625
116208	0.014526
104728	0.013091
104726	0.01309075
227169	0.028396125
105071	0.013133875
105076	0.0131345
105419	0.013177375
294957	0.036869625
117601	0.014700125
106117	0.013264625
102981	0.012872625
110287	0.013785875
101586	0.01269825
104046	0.01300575
103706	0.01296325
69600	0.0087
274302	0.03428775
116208	0.014526
104728	0.013091
105062	0.01313275
106106	0.01326325
231752	0.028969
105079	0.013134875
105422	0.01317775
296635	0.037079375
117602	0.01470025
106117	0.013264625
102634	0.01282925
110641	0.013830125
100914	0.01261425
104020	0.0130025
104367	0.013045875
274988	0.0343735
116896	0.014612
105061	0.013132625
105411	0.013176375
105416	0.013177
105776	0.013222
70629	0.008828625
106107	0.013263375
225020	0.0281275
297285	0.037160625
117948	0.0147435
106473	0.013309125
102990	0.01287375
110299	0.013787375
101249	0.012656125
103689	0.012961125
103694	0.01296175
275338	0.03441725
116550	0.01456875
105071	0.013133875
105413	0.013176625
105419	0.013177375
105767	0.013220875
106111	0.013263875
106120	0.013265
117946	0.01474325
106473	0.013309125
102653	0.012831625
110650	0.01383125
67162	0.00839525
101589	0.012698625
104023	0.013002875
104032	0.013004
274303	0.034287875
116554	0.01456925
105075	0.013134375
105418	0.01317725
105420	0.0131775
105767	0.013220875
106111	0.013263875
106118	0.01326475
276723	0.034590375
252019	0.031502375
106811	0.013351375
107861	0.013482625
120723	0.015090375
101588	0.0126985
104024	0.013003
104367	0.013045875
273960	0.034245
116547	0.014568375
105073	0.013134125
70293	0.008786625
105418	0.01317725
105761	0.013220125
106110	0.01326375
106117	0.013264625
106810	0.01335125
277038	0.03462975
118640	0.01483
231411	0.028926375
102984	0.012873
120363	0.015045375
101939	0.012742375
104033	0.013004125
104367	0.013045875
285081	0.035635125
116548	0.0145685
105062	0.01313275
105418	0.01317725
105763	0.013220375
106115	0.013264375
106121	0.013265125
106466	0.01330825
277395	0.034674375
82843	0.010355375
106824	0.013353
107159	0.013394875
103686	0.01296075
238202	0.02977525
101940	0.0127425
104032	0.013004
104716	0.0130895
285071	0.035633875
116550	0.01456875
105068	0.0131335
105415	0.013176875
105421	0.013177625
106115	0.013264375
106121	0.013265125
106468	0.0133085
277389	0.034673625
118648	0.014831
107159	0.013394875
103340	0.0129175
111339	0.013917375
101958	0.01274475
229588	0.0286985
104721	0.013090125
69941	0.008742625
294622	0.03682775
116554	0.01456925
105414	0.01317675
105419	0.013177375
105762	0.01322025
106113	0.013264125
106819	0.013352375
106816	0.013352
277422	0.03467775
118988	0.0148735
107850	0.01348125
103692	0.0129615
111339	0.013917375
102291	0.012786375
105085	0.013135625
231402	0.02892525
296649	0.037081125
116890	0.01461125
105416	0.013177
105421	0.013177625
105760	0.01322
106114	0.01326425
70640	0.00883
106113	0.013264125
106470	0.01330875
125758	0.01571975
107159	0.013394875
103337	0.012917125
121751	0.015218875
101953	0.012744125
104377	0.013047125
104725	0.013090625
116895	0.014611875
106107	0.013263375
105429	0.013178625
105765	0.013220625
106118	0.01326475
106124	0.0132655
106470	0.01330875
277427	0.034678375
119328	0.014916
107872	0.013484
104376	0.013047
111683	0.013960375
67861	0.008482625
102637	0.012829625
105070	0.01313375
105409	0.013176125
276402	0.03455025
243997	0.030499625
105423	0.013177875
105765	0.013220625
106118	0.01326475
106814	0.01335175
106468	0.0133085
106815	0.013351875
291849	0.036481125
119329	0.014916125
107859	0.013482375
104019	0.013002375
112021	0.014002625
102984	0.012873
105083	0.013135375
105409	0.013176125
277079	0.034634875
117593	0.014699125
70648	0.008831
228563	0.028570375
105769	0.013221125
106119	0.013264875
106130	0.01326625
106471	0.013308875
107179	0.013397375
296706	0.03708825
118991	0.014873875
107514	0.01343925
104372	0.0130465
112020	0.0140025
102983	0.012872875
105075	0.013134375
105410	0.01317625
276721	0.034590125
117593	0.014699125
106103	0.013262875
106814	0.01335175
232733	0.029091625
106132	0.0132665
106470	0.01330875
106838	0.01335475
298723	0.037340375
82826	0.01035325
107165	0.013395625
107517	0.013439625
103682	0.01296025
112034	0.01400425
102988	0.0128735
105769	0.013221125
106109	0.013263625
277099	0.034637375
117933	0.014741625
106460	0.0133075
106464	0.013308
106812	0.0133515
226874	0.02835925
107155	0.013394375
107158	0.01339475
300394	0.03754925
119675	0.014959375
107861	0.013482625
104367	0.013045875
112020	0.0140025
102980	0.0128725
105100	0.0131375
70635	0.008829375
105768	0.013221
277440	0.03468
117937	0.014742125
106460	0.0133075
106469	0.013308625
106811	0.013351375
107164	0.0133955
107170	0.01339625
230188	0.0287735
297406	0.03717575
119676	0.0149595
107858	0.01348225
104020	0.0130025
111686	0.01396075
102985	0.012873125
105767	0.013220875
105411	0.013176375
277783	0.034722875
118285	0.014785625
106465	0.013308125
106475	0.013309375
106825	0.013353125
107166	0.01339575
71338	0.00891725
107860	0.0134825
107509	0.013438625
119679	0.014959875
107860	0.0134825
104722	0.01309025
100574	0.01257175
77956	0.0097445
78665	0.009833125
261493	0.032686625
90539	0.011317375
79686	0.00996075
79684	0.0099605
80043	0.010005375
80372	0.0100465
80380	0.0100475
80738	0.01009225
242991	0.030373875
92602	0.01157525
81419	0.010177375
78998	0.00987475
86641	0.010830125
106118	0.01326475
264824	0.033103
97771	0.012221375
98115	0.012264375
286472	0.035809
110316	0.0137895
99152	0.012394
99158	0.01239475
99166	0.01239575
99501	0.012437625
99863	0.012482875
100204	0.0125255
264897	0.033112125
112404	0.0140505
100897	0.012612125
98470	0.01230875
105772	0.0132215
96031	0.012003875
98466	0.01230825
220279	0.027534875
110664	0.013833
99154	0.01239425
66113	0.008264125
99158	0.01239475
99166	0.01239575
99848	0.012481
99855	0.012481875
100201	0.012525125
264921	0.033115125
112402	0.01405025
100897	0.012612125
98125	0.012265625
106114	0.01326425
96037	0.012004625
98471	0.012308875
98478	0.01230975
110635	0.013829375
99162	0.01239525
99168	0.012396
99513	0.012439125
99859	0.012482375
99864	0.012483
100228	0.0125285
265586	0.03319825
78663	0.009832875
101236	0.0126545
101584	0.012698
98813	0.012351625
106462	0.01330775
96376	0.012047
98807	0.012350875
98482	0.01231025
117746	0.01471825
99163	0.012395375
99170	0.01239625
99513	0.012439125
99859	0.012482375
99865	0.012483125
100201	0.012525125
272544	0.034068
112747	0.014093375
101249	0.012656125
98134	0.01226675
106462	0.01330775
96370	0.01204625
98819	0.012352375
66118	0.00826475
99152	0.012394
264218	0.03302725
111348	0.0139185
224644	0.0280805
99511	0.012438875
99858	0.01248225
99861	0.012482625
99868	0.0124835
100550	0.01256875
286222	0.03577775
112403	0.014050375
101243	0.012655375
98812	0.0123515
106466	0.01330825
96378	0.01204725
98812	0.0123515
99158	0.01239475
263864	0.032983
111337	0.013917125
99846	0.01248075
100194	0.01252425
218145	0.027268125
99862	0.01248275
66478	0.00830975
100202	0.01252525
100551	0.012568875
286863	0.035857875
112740	0.0140925
101250	0.01265625
98130	0.01226625
106804	0.0133505
96729	0.012091125
99155	0.012394375
99503	0.012437875
264889	0.033111125
111361	0.013920125
100196	0.0125245
100202	0.01252525
100211	0.012526375
222279	0.027784875
100549	0.012568625
100892	0.0126115
284885	0.035610625
112742	0.01409275
101586	0.01269825
98492	0.0123115
76194	0.00952425
106116	0.0132645
96369	0.012046125
98818	0.01235225
99152	0.012394
118783	0.014847875
99860	0.0124825
99517	0.012439625
99862	0.01248275
99868	0.0124835
281984	0.035248
113415	0.014176875
101589	0.012698625
98803	0.012350375
106468	0.0133085
96724	0.0120905
99158	0.01239475
99507	0.012438375
264900	0.0331125
111705	0.013963125
100206	0.01252575
66815	0.008351875
100212	0.0125265
100900	0.0126125
100897	0.012612125
226535	0.028316875
100898	0.01261225
287254	0.03590675
113431	0.014178875
101591	0.012698875
98816	0.012352
106464	0.013308
96383	0.012047875
98812	0.0123515
99161	0.012395125
264556	0.0330695
111706	0.01396325
100202	0.01252525
100212	0.0125265
100556	0.0125695
100900	0.0126125
100906	0.01261325
101242	0.01265525
79342	0.00991775
101589	0.012698625
101598	0.01269975
98803	0.012350375
106807	0.013350875
96732	0.0120915
99156	0.0123945
99506	0.01243825
265598	0.03319975
112035	0.014004375
100215	0.012526875
100557	0.012569625
100904	0.012613
100908	0.0126135
101253	0.012656625
101945	0.012743125
267019	0.033377375
242510	0.03031375
101936	0.012742
104026	0.01300325
114460	0.0143075
96745	0.012093125
99165	0.012395625
99503	0.012437875
66463	0.008307875
264552	0.033069
111700	0.0139625
100210	0.01252625
100553	0.012569125
100898	0.01261225
101258	0.01265725
101245	0.012655625
101594	0.01269925
267010	0.03337625
113447	0.014180875
225422	0.02817775
99506	0.01243825
118633	0.014829125
97088	0.012136
99159	0.012394875
99516	0.0124395
274662	0.03433275
112377	0.014047125
100204	0.0125255
100891	0.012611375
101607	0.012700875
101259	0.012657375
67510	0.00843875
101585	0.012698125
101936	0.012742
267002	0.03337525
113778	0.01422225
102631	0.012828875
214701	0.026837625
116206	0.01452575
96739	0.012092375
99508	0.0124385
99514	0.01243925
275039	0.034379875
111677	0.013959625
100210	0.01252625
100215	0.012526875
100889	0.012611125
101251	0.012656375
101586	0.01269825
101936	0.012742
267361	0.033420125
113786	0.01422325
102634	0.01282925
99510	0.01243875
107164	0.0133955
64377	0.008047125
220210	0.02752625
99515	0.012439375
99519	0.012439875
286915	0.035864375
112049	0.014006125
100212	0.0125265
100559	0.012569875
